0 -6.4 -1.86 0
1 -12.06837 -21.92296 45.56999
2 -6.760319 -11.46681 0.4712257
3 -6.49842 -1.657518 -0.0174408
4 -7.024303 -0.4909948 -0.2051353
5 -7.104266 1.175101 -0.1587639
6 -7.158233 2.299534 -0.1274681
7 -7.184161 2.839779 -0.1124306
8 -7.219384 3.573685 -0.09200287
9 -7.212377 -1.343921 0.09384155
10 -8.398491 -0.5650247 0.08898926
11 -9.057489 0.3400484 0.2087555
12 -9.310768 0.7617117 0.2637024
13 -6.540317 -0.4592603 -0.2097893
14 -6.552505 1.079692 -0.16222
15 -6.562242 2.309298 -0.1242142
16 -6.569197 3.187674 -0.09706497
17 -6.574787 3.893559 -0.07525253
18 -6.119607 -0.5521826 -0.1359177
19 -6.055808 0.9515063 -0.08362961
20 -6.009129 2.051718 -0.04537582
21 -5.974774 2.861443 -0.01721191
22 -5.945624 3.548413 0.006679535
23 -5.724407 -0.704635 -0.02128601
24 -5.575923 0.748963 0.03592682
25 -5.496695 1.524579 0.06645966
26 -5.439354 2.085888 0.08854675
27 -5.380725 2.659853 0.1111412
28 -8.17 -6.84 0
0
0 -6.4 -1.86 0
1 -4.035553 -22.57382 45.56999
2 -3.089811 -10.8857 0.4712257
3 -6.567862 -1.709974 -0.0174408
4 -7.496883 -0.8300595 -0.2051353
5 -8.202774 0.6812271 -0.1587639
6 -8.863426 1.593135 -0.1446495
7 -9.180843 2.031274 -0.1378708
8 -9.612046 2.626471 -0.1286621
9 -7.347414 -1.690591 0.09384155
10 -8.428854 -0.9091069 0.5768929
11 -8.663118 0.029737 1.15263
12 -8.604341 0.5205282 1.177929
13 -7.061094 -0.6171341 -0.2097893
14 -7.656051 0.8022133 -0.16222
15 -8.20234 1.904044 -0.1302834
16 -8.592581 2.691138 -0.1074715
17 -8.906189 3.32366 -0.08913803
18 -6.636574 -0.5435504 -0.1359177
19 -7.147848 0.8719882 -0.08362961
20 -7.527369 1.887888 0.1113281
21 -7.661622 1.727586 0.8948555
22 -7.6295 1.267073 1.404991
23 -6.21308 -0.5347246 -0.02128601
24 -6.626998 0.8665844 0.03592682
25 -6.751441 1.635928 0.07341766
26 -6.841498 2.192711 0.100544
27 -6.933585 2.762033 0.1282883
28 -6.148984 -7.139232 0